[
139,
383,
476,
568,
708,
812,
917,
1010,
1253,
1335,
1648,
1996,
2078,
2217,
2298,
2414,
2507,
2623,
2728,
2948,
3041,
3297,
3366,
3703,
3808,
3924,
4017,
4133,
4249,
4342,
4446,
4562,
4655,
4771,
4876,
4980,
5096,
5375,
5421,
5503,
5630,
5712,
5839,
5932,
6048,
6153,
6315,
6408,
6501,
6582,
6803,
7024,
7244,
7325,
7430,
7558,
7674,
7778,
7859,
8185,
8498,
8846,
8939,
9055,
9160,
9276,
9369,
9485,
9578,
9880,
10228,
10553,
10646,
10774,
10878,
10983,
11099,
11203,
11296,
11505,
11633,
11737,
11842,
11946,
12271,
12364,
12480,
12585,
12689,
12794,
12910,
13003,
13339,
13664,
13873,
14187,
14291,
14419,
14640,
14733,
15058,
15371,
15568,
15708,
15801,
15917,
16021,
16137,
16335,
16451,
16764,
17089,
17403,
17519,
17635,
17740,
17856,
18065,
18158,
18366,
18587,
18703,
19017,
19098,
19133,
19342,
19446,
19551,
19655,
19771,
19876,
20120,
20224,
20294,
20503,
20735,
21164,
21269,
21490,
21582,
21908,
22070,
22221,
22546,
22662,
22883,
23092,
23208,
23301,
23591,
23626,
23951,
24276,
24380,
24706,
24810,
25019,
25135,
25228,
25344,
25565,
25669,
26006,
26203,
26528,
26714,
27167,
27376,
27585,
27794,
28107,
28223,
28641,
28769,
28978,
29082,
29199,
29303,
29419,
29524,
29628,
29733,
29930,
30046,
30267,
30348,
30383,
30569,
30673,
30812,
30905,
31010,
31219,
31335,
31451,
31532,
31648,
31753,
31869,
31973,
32078,
32287,
32380,
32415,
32519,
32589,
32728,
32833,
32937,
33041,
33158,
33239,
33355,
33471,
33599,
33796,
33901,
34098,
34226,
34307,
34446,
34551,
34655,
34969,
35085,
35271,
35398,
35514,
35631,
35712,
35828,
35944,
36060,
36165,
36269,
36374,
36490,
36594,
36792,
36908,
37024,
37128,
37209,
37430,
37535,
37674,
37755,
37860,
38080,
38196,
38301,
38382,
38498,
38603,
38730,
38823,
38928,
39032,
39148,
39241,
39450,
39555,
39590,
39787,
39903,
40019,
40100,
40205,
40309,
40553,
40646,
40762,
40855,
40960,
41076,
41168,
41296,
41412,
41621,
41830,
41946,
42132,
42260,
42353,
42480,
42597,
42689,
42794,
42910,
43003,
43131,
43223,
43340,
43444,
43549,
43653,
43758,
43874,
43978,
44059,
44094,
44199,
44280,
44384,
44524,
44617,
44721,
44849,
44930,
45058,
45162,
45244,
45360,
45464,
45592,
45685,
45789,
45917,
46010,
46103,
46230,
46312,
46347,
46451,
46544,
46648,
46764,
46869,
46950,
46985,
47066,
47194,
47310,
47403,
47496,
47612,
47728,
47821,
47937,
48018,
48262,
48378,
48587,
48692,
48796,
48912,
48982,
49110,
49226,
49342,
49446,
49539,
49655,
49771,
49876,
49980,
50097,
50189,
50306,
50410,
50503,
50619,
50735,
50828,
50921,
50956,
51049,
51141,
51246,
51385,
51467,
51571,
51792,
51908,
52012,
52105,
52221,
52314,
52442,
52546,
52651,
52744,
52860,
52953,
52987,
53092,
53162,
53301,
53405,
53510,
53614,
53730,
53812,
53928,
54032,
54265,
54369,
54566,
54671,
54787,
54915,
54984,
55855,
56285,
57585,
57782,
58003,
58212,
58444,
58630,
58862,
59083,
59292,
59733,
59942,
60383,
60557,
60592,
60824,
60987,
61022,
61242,
61486,
61869,
62705,
63042,
63169,
64493,
65306,
65480,
65700,
65805,
65909,
66014,
66153,
66339,
66467,
66676,
66780,
66908,
66989,
67105,
67221,
67419,
67546,
67732,
67767,
67988,
68104,
68220,
68301,
68405,
68510,
68719,
69172,
69369,
69590,
69822,
70019,
70182,
70611,
70669,
70878,
71041,
71087,
71482,
71540,
72063,
72167,
72481,
72690,
72806,
73003,
73247,
73340,
73433,
73618,
73665,
73758,
73874,
73967,
74071,
74187,
74280,
74501,
74605,
74721,
74907,
75162,
75580,
75987,
76440,
76625,
76776,
76834,
77601,
77705,
77949,
78053,
78158,
78239,
78390,
78506,
78704,
78913,
79017,
79447,
79632,
79841,
79957,
80085,
80306,
80526,
80933,
81362,
81803,
82407,
82628,
82755,
82872,
82964,
83080,
83266,
83394,
83498,
83615,
83707,
83812,
83940,
84044,
84137,
84276,
84381,
84474,
84590,
84787,
84903,
85101,
85240,
85426,
85530,
85948,
85995,
86389,
86622,
86831,
86935,
87028,
87144,
87237,
87272,
87446,
87597,
87690,
87794,
88108,
88317,
88758,
88874,
88955,
89060,
89094,
89164,
89303,
89385,
89478,
89512,
89617,
89733,
89826,
89930,
90128,
90255,
90360,
90476,
90569,
90685,
90801,
90917,
90999,
91138,
91242,
91347,
91451,
91637,
91765,
91869,
91974,
92067,
92101,
92194,
92287,
92403,
92519,
92612,
92728,
92949,
93065,
93262,
93680,
93785,
93889,
93994,
94098,
94296,
94447,
94656,
94876,
94958,
95190,
95515,
95631,
95712,
95817,
95933,
96026,
96142,
96269,
96374,
96478,
96560,
96687,
96792,
96908,
96989,
97105,
97210,
97338,
97419,
97454,
97535,
97651,
97767,
97860,
97976,
98092,
98197,
98301,
98406,
98499,
98615,
98731,
98835,
98917,
98951,
99056,
99137,
99242,
99276,
99346,
99381,
99474,
99590,
99706,
99799,
99915,
100019,
100112,
100228,
100333,
100542,
100646,
100751,
100855,
100960,
101169,
101297,
101401,
101517,
101622,
101738,
101831,
102028,
102249,
102376,
102469,
102585,
102667,
102701,
102771,
102806,
102876,
103015,
103131,
103224,
103328,
103444,
103537,
103653,
103758,
103839,
103967,
104071,
104199,
104280,
104315,
104396,
104513,
104617,
104733,
104838,
104942,
105047,
105163,
105256,
105360,
105476,
105592,
105685,
105778,
105813,
105906,
105999,
106103,
106242,
106324,
106428,
106556,
106660,
106776,
106962,
107078,
107183,
107403,
107508,
107601,
107636,
107717,
107833,
107949,
108019,
108158,
108367,
108472,
108588,
108680,
108808,
108913,
109226,
109551,
109772,
109888,
111804,
111920,
112663,
112883,
114160,
114799,
115449,
116738,
117376,
118665,
118874,
120592,
120825,
121022,
121231,
122729,
123530,
123588,
123797,
124029,
124238,
124447,
126165,
127024,
127489,
127872,
129590,
129811,
130449,
130867,
131088,
131738,
131947,
132353,
132562,
132806,
133015,
133224,
133445,
133665,
133863,
134083,
134292,
134524,
134942,
135151,
135372,
135581,
135801,
136022,
136243,
137276,
137473,
138205,
138390,
138565,
138994,
139122,
139354,
139447,
139668,
139877,
140097,
140515,
140933,
142036,
142233,
143301,
143510,
143952,
144161,
144370,
144811,
144915,
145020,
145229,
146308,
146842,
146935,
147272,
147365,
147597,
147702,
147806,
148131,
148236,
148445,
148654,
149095,
149513,
149733,
149954,
150151,
150372,
150697,
151010,
151208,
151452,
152079,
152276,
152706,
152740,
152833,
152949,
153077,
153588,
153820,
154017,
154226,
154656,
154877,
155086,
155306,
155945,
156165,
156374,
156595,
156804,
157013,
157233,
157547,
157767,
157872,
158522,
158720,
158940,
159590,
159811,
160020,
160449,
160554,
160647,
160983,
161088,
161297,
161401,
161518,
161843,
161947,
162156,
162377,
162586,
162806,
163236,
163363,
163445,
163851,
163990,
164095,
164850,
166022,
166452,
167090,
167195,
167311,
167520,
167624,
168054,
168158,
168472,
168588,
168913,
169122,
169238,
169343,
169447,
170086,
170202,
170527,
170631,
170736,
171165,
171595,
171711,
172663,
172884,
173093,
173197,
173511,
173731,
174045,
174161,
174381,
174590,
174915,
175020,
175322,
175449,
175763,
175972,
176088,
176193,
176297,
176413,
176947,
177899,
178015,
178445,
179734,
180152,
181011,
181243,
181440,
181870,
182299,
182729,
182950,
183263,
183588,
184238,
184877,
185422,
186583,
186804,
187234,
187443,
188093,
188302,
189161,
189590,
189683,
189811,
190020,
190136,
190241,
191553,
191669,
192121,
192806,
193027,
194083,
194292,
195384,
195802,
196498,
196707,
196870,
198368,
199006,
199134,
199436,
199552,
199656,
200306,
200423,
200515,
201177,
201584,
201793,
202210,
202675,
203139,
203302,
203476,
203534,
204382,
205217,
205577,
205879,
206518,
207795,
208004,
208445,
208712,
209084,
210581,
210802,
212091,
212520,
212729,
212938,
213588,
213797,
214227,
214865,
215307,
215504,
215841,
216166,
216259,
216456,
216584,
217234,
218093,
218882,
218929,
219463,
221309,
221727,
221947,
222377,
223225,
223666,
224095,
224513,
224734,
224943,
225163,
225802,
226023,
226127,
226440,
226870,
227091,
227520,
227938,
228159,
228588,
228809,
229239,
229877,
230516,
230945,
231375,
231595,
232013,
232234,
232652,
]
